3
2
0
0
0
6
7
11
13
13
14
14
20
22
26
29
31
31
34
41
42
43
38
28
24
25
23
25
19
22
23
23
20
14
14
14
8
6
7
6
6
2
1
7
8
26
27
27
30
37
38
39
37
35
35
37
35
35
32
26
22
19
18
18
22
23
25
25
18
31
30
37
38
38
38
37
35
38
43
42
43
45
45
41
40
40
40
37
35
36
53
53
51
50
52
55
56
55
46
41
42
43
49
54
56
62
61
60
58
58
56
56
53
52
51
47
46
45
42
41
42
43
44
46
45
45
42
46
46
42
41
40
38
38
32
32
31
31
28
28
24
24
23
23
19
16
12
11
11
10
4
8
13
14
17
27
24
24
28
38
38
39
44
42
40
37
36
35
35
34
31
31
26
25
18
16
14
17
23
22
20
22
27
26
27
27
25
29
29
21
20
18
16
15
16
14
14
17
19
21
24
26
27
20
19
16
19
14
12
10
10
9
9
12
6
12
10
5
4
4
10
12
18
21
28
33
34
36
38
38
39
36
36
37
36
46
46
48
49
50
54
56
55
56
55
62
61
74
76
76
77
79
81
81
80
81
79
81
79
76
71
69
72
70
69
67
68
68
82
90
89
84
86
89
95
87
92
101
103
102
107
108
114
111
107
111
127
124
120
119
111
112
113
113
111
113
115
113
114
117
120
120
110
105
105
104
104
102
101
100
100
94
92
90
84
79
79
75
70
64
67
71
75
71
71
75
78
82
80
84
90
90
89
87
89
93
92
89
88
86
84
83
81
76
68
68
66
65
55
54
54
52
51
50
50
52
53
57
57
57
56
54
56
57
60
62
67
66
70
75
75
72
73
85
84
89
90
92
91
89
87
84
83
76
75
71
69
64
61
60
59
58
57
55
53
51
44
43
43
41
43
43
43
41
42
42
42
48
52
50
49
48
49
48
56
56
55
53
52
50
47
47
44
41
39
37
34
34
33
33
32
31
22
21
19
33
28
28
28
28
25
25
25
24
21
13
7
4
4
3
0
0
0
0
10
3
4
4
10
13
11
9
11
9
14
15
17
11
10
6
4
4
11
11
10
12
12
31
24
25
24
23
27
30
26
26
23
21
20
22
20
20
18
15
13
11
10
9
4
7
6
3
3
0
2
2
3
4
7
12
13
20
33
34
32
34
32
33
33
34
38
39
44
44
47
47
47
49
51
51
56
57
58
59
59
52
57
58
61
62
63
68
70
71
73
72
76
51
53
52
57
58
56
55
55
55
55
56
61
62
65
66
70
74
74
72
73
76
75
72
71
71
71
72
72
76
82
86
87
87
87
93
95
101
103
104
106
112
113
110
110
108
106
106
104
101
101
98
98
95
94
67
67
71
70
71
73
75
55
53
54
52
51
53
43
43
37
28
24
19
17
10
3
17
18
18
15
13
5
7
11
4
5
7
9
5
4
6
5
2
3
3
7
5
12
24
25
25
29
29
28
26
23
25
25
26
19
13
11
15
23
22
18
16
16
16
14
13
14
25
26
25
36
36
38
39
39
40
37
34
36
38
42
42
43
41
42
47
43
45
45
46
43
48
41
36
41
51
48
50
49
53
54
57
56
55
52
50
45
44
42
39
35
33
31
31
26
25
23
22
11
9
8
4
4
8
10
10
14
14
15
14
12
11
11
9
9
10
10
8
6
7
7
7
9
8
3
5
5
5
0
3
8
9
11
16
24
18
19
20
18
18
17
16
15
13
11
8
3
0
3
7
7
9
20
22
21
22
23
22
24
27
27
29
29
28
36
37
39
40
38
38
37
36
43
39
43
46
45
47
48
47
42
39
39
39
35
33
33
31
25
24
22
18
18
16
11
13
13
13
11
11
11
17
19
20
28
27
29
29
30
29
25
22
12
11
8
6
6
5
4
0
10
12
11
17
10
11
10
12
11
11
10
9
8
14
15
13
15
13
17
16
30
33
34
39
40
51
52
52
50
50
47
60
60
61
59
66
72
71
71
70
68
71
67
66
64
60
55
50
50
42
39
38
41
35
35
34
33
30
28
27
26
26
25
35
36
37
36
36
35
35
31
30
29
28
25
24
24
22
21
19
20
19
22
21
19
16
15
12
12
12
10
7
2
0
0
0
2
3
3
2
2
4
7
8
11
5
1
0
8
8
4
0
16
16
14
12
13
11
11
7
7
6
3
0
0
0
1
2
0
2
0
1
2
3
3
5
8
15
18
18
20
22
27
31
35
37
41
42
43
37
37
23
26
26
12
10
1
0
